0 0.154000 0.138875 0.166667 0.031250
0 0.239667 0.178125 0.322667 0.041750
0 0.257667 0.204375 0.351333 0.039250
0 0.220167 0.235375 0.281000 0.056250
0 0.267167 0.267375 0.363000 0.047250
0 0.241667 0.296000 0.321333 0.040000
0 0.229667 0.325375 0.342667 0.027750
0 0.265333 0.361625 0.371333 0.042750
0 0.215333 0.393750 0.254667 0.028500
0 0.288500 0.421875 0.408333 0.034750
0 0.211833 0.453125 0.278333 0.029250
0 0.254000 0.480750 0.351333 0.026000
0 0.275500 0.511625 0.391667 0.026750
0 0.272000 0.541500 0.368000 0.022500
0 0.210667 0.601750 0.254667 0.021500
0 0.294000 0.622750 0.395333 0.022500
0 0.263667 0.656250 0.348667 0.032000
0 0.313500 0.686125 0.458333 0.025750
0 0.256500 0.706250 0.334333 0.037500
0 0.251667 0.736250 0.320000 0.029500
0 0.301000 0.765625 0.433333 0.033250
0 0.184333 0.794625 0.188000 0.028750
0 0.248833 0.813875 0.331000 0.036750
0 0.222000 0.844250 0.277333 0.029500
0 0.294500 0.878125 0.420333 0.043750
0 0.287500 0.909750 0.370333 0.025000
0 0.208833 0.939250 0.239000 0.028500
0 0.182667 0.966500 0.168000 0.035000
0 0.804000 0.144250 0.298667 0.036500
0 0.805833 0.185250 0.335667 0.035000
0 0.785167 0.219625 0.291667 0.026750
0 0.756500 0.246875 0.258333 0.034750
0 0.770167 0.277250 0.264333 0.038500
