0 0.758245 0.161893 0.316693 0.035817
0 0.704187 0.184816 0.218145 0.025788
0 0.753461 0.205590 0.303298 0.025788
0 0.275073 0.156521 0.381754 0.033668
0 0.313344 0.189831 0.460209 0.040115
0 0.232497 0.221708 0.288946 0.032235
0 0.206185 0.252153 0.236324 0.035817
0 0.278900 0.284746 0.370272 0.039399
0 0.206664 0.319847 0.233453 0.032235
0 0.188963 0.340263 0.205707 0.025788
0 0.205229 0.363186 0.226756 0.025788
0 0.206185 0.391481 0.228670 0.025072
0 0.227713 0.412255 0.237281 0.020774
0 0.276030 0.443416 0.351137 0.032952
0 0.269811 0.469921 0.321477 0.025788
0 0.292295 0.498933 0.362618 0.027937
0 0.296122 0.521498 0.343483 0.020058
0 0.313344 0.544062 0.383667 0.033668
0 0.236802 0.570209 0.245891 0.024356
0 0.269811 0.595997 0.308082 0.022923
0 0.254981 0.615697 0.284163 0.036533
0 0.192312 0.631814 0.172220 0.024356
0 0.242064 0.658319 0.275552 0.034384
0 0.168871 0.688405 0.155955 0.025788
0 0.222929 0.707747 0.237281 0.027221
0 0.222450 0.731386 0.234410 0.030086
0 0.279857 0.759682 0.307125 0.037966
0 0.262157 0.786544 0.279379 0.030086
0 0.282727 0.809109 0.318606 0.042264
0 0.272681 0.835614 0.311909 0.039399
0 0.278900 0.865342 0.318606 0.037250
0 0.252589 0.888265 0.248762 0.038683
0 0.257851 0.914053 0.232497 0.032952
0 0.242064 0.932678 0.229626 0.032952