0 0.378405 0.201292 0.345396 0.031519
0 0.424330 0.226006 0.429593 0.023639
0 0.379362 0.252869 0.358791 0.037250
0 0.275552 0.282239 0.174133 0.032952
0 0.322912 0.306237 0.265027 0.035101
0 0.365010 0.334532 0.362618 0.032952
0 0.275552 0.359246 0.212404 0.039399
0 0.347788 0.387183 0.332001 0.045130
0 0.322434 0.423717 0.315736 0.023639
0 0.327696 0.443416 0.291817 0.032952
0 0.406152 0.474219 0.421938 0.040115
0 0.271246 0.502156 0.146387 0.031519
0 0.365489 0.526870 0.342526 0.029370
0 0.321477 0.553375 0.290860 0.032235
0 0.314779 0.578089 0.290860 0.034384
0 0.350658 0.611399 0.360705 0.030803
0 0.361661 0.636829 0.382710 0.035817
0 0.302341 0.664050 0.260243 0.030086
0 0.337264 0.687331 0.310952 0.032235
0 0.376013 0.717776 0.398019 0.031519
0 0.319563 0.751085 0.275552 0.029370
0 0.299471 0.772934 0.260243 0.030086
0 0.433420 0.805169 0.478388 0.031519
0 0.257851 0.832032 0.157868 0.023639
0 0.351137 0.857821 0.323390 0.030803
0 0.390843 0.887191 0.402803 0.033668
0 0.381275 0.912621 0.372186 0.037250
0 0.309517 0.944140 0.245891 0.035817