0 0.303394 0.105980 0.405813 0.032554
0 0.744957 0.102002 0.305326 0.039064
0 0.763315 0.141789 0.361367 0.027490
0 0.743025 0.183024 0.313056 0.033277
0 0.742059 0.210875 0.334313 0.022426
0 0.272958 0.144321 0.375860 0.044128
0 0.254116 0.187003 0.326583 0.036894
0 0.252184 0.219918 0.347840 0.034724
0 0.225130 0.247408 0.282137 0.043405
0 0.263295 0.286472 0.368131 0.040511
0 0.223197 0.329516 0.289867 0.031107
0 0.232376 0.367495 0.319819 0.041958
0 0.133822 0.409091 0.155562 0.029660
0 0.187447 0.442007 0.258948 0.021702
0 0.261363 0.473113 0.426104 0.040511
0 0.252667 0.499880 0.393252 0.028937
0 0.260397 0.527369 0.402915 0.037618
0 0.193244 0.555583 0.276339 0.026043
0 0.162325 0.585604 0.171988 0.035447
0 0.223680 0.621775 0.300495 0.032554
0 0.291316 0.653244 0.429969 0.028937
0 0.234792 0.691946 0.324651 0.026766
0 0.214984 0.721245 0.277306 0.031830
0 0.233826 0.750905 0.297596 0.036171
0 0.243005 0.779118 0.327549 0.034724
0 0.210636 0.814565 0.286002 0.027490
0 0.217883 0.843140 0.304360 0.036894
0 0.198559 0.870992 0.277306 0.018809
0 0.205322 0.898843 0.283103 0.028213
0 0.237691 0.934290 0.369097 0.034001
0 0.145900 0.964312 0.164258 0.034724
