0 0.258667 0.205875 0.241333 0.039250
0 0.293500 0.234750 0.321667 0.024000
0 0.232500 0.264750 0.199667 0.027500
0 0.299333 0.292625 0.328000 0.033250
0 0.334667 0.331750 0.393333 0.030500
0 0.340500 0.367125 0.403667 0.037750
0 0.239167 0.405000 0.219667 0.028000
0 0.308167 0.432000 0.377000 0.035000
0 0.246667 0.460375 0.260667 0.033750
0 0.252500 0.494250 0.252333 0.033000
0 0.296167 0.523500 0.336333 0.037000
0 0.266667 0.542625 0.237333 0.025250
0 0.212167 0.569500 0.148333 0.032500
0 0.265333 0.592000 0.264667 0.023500
0 0.301667 0.618625 0.321333 0.029250
0 0.295333 0.648750 0.328000 0.032500
0 0.312333 0.674875 0.365333 0.026250
0 0.273833 0.694375 0.302333 0.034750
0 0.277667 0.718125 0.314667 0.032750
0 0.234167 0.740125 0.247667 0.031250
0 0.250167 0.793125 0.309000 0.028750
0 0.253333 0.822250 0.299333 0.021500
0 0.230167 0.844500 0.242333 0.026000
0 0.315500 0.869625 0.414333 0.033250
0 0.181833 0.898625 0.162333 0.028250
0 0.257333 0.927125 0.288000 0.035750
0 0.217667 0.948125 0.194667 0.025250
0 0.279833 0.977125 0.350333 0.032750
